Standard: 35455761
          24873426
          25301705
          23193572
          28090392
          38541614
          24061359
          24661431
          22918436
          22307284

AVG: 26940498 ns

Separable:  21653400
            18472696
            31049322
            39289849
            22166731
            13705009
            20275162
            17184809
            20678081
            16675229

AVG:  22115028 ns

Sliding Window: 4200306
                6531653
                4343478
                4062543
                5599234
                7712747
                6070453
                3955671
                5994772
                12374962

AVG:  6084581 ns
